  0.0000000E+00
  2.3148147E-02
  4.6296295E-02
  6.9444448E-02
  9.2592590E-02
  0.1157407    
  0.1388889    
  0.1620370    
  0.1851852    
  0.2083333    
  0.2314815    
  0.2546296    
  0.2777778    
  0.3009259    
  0.3240741    
  0.3472222    
  0.3703704    
  0.3935185    
  0.4166667    
  0.4398148    
  0.4629630    
  0.4861111    
  0.5092593    
  0.5324074    
  0.5555556    
  0.5787037    
  0.6018519    
  0.6250000    
  0.6481481    
  0.6712963    
  0.6944444    
  0.7175926    
  0.7407407    
  0.7638889    
  0.7870370    
  0.8101852    
  0.8333333    
  0.8564815    
  0.8796296    
  0.9027778    
  0.9259259    
  0.9490741    
  0.9722222    
  0.9953704    
   1.018519    
   1.041667    
   1.064815    
   1.087963    
   1.111111    
   1.134259    
   1.157407    
   1.180556    
   1.203704    
   1.226852    
   1.250000    
   1.273148    
   1.296296    
   1.319444    
   1.342593    
   1.365741    
   1.388889    
   1.412037    
   1.435185    
   1.458333    
   1.481481    
   1.504630    
   1.527778    
   1.550926    
   1.574074    
   1.597222    
   1.620370    
   1.643519    
   1.666667    
   1.689815    
   1.712963    
   1.736111    
   1.759259    
   1.782407    
   1.805556    
   1.828704    
   1.851852    
   1.875000    
   1.898148    
   1.921296    
   1.944444    
   1.967593    
   1.990741    
   2.013889    
   2.037037    
   2.060185    
   2.083333    
   2.106482    
   2.129630    
   2.152778    
   2.175926    
   2.199074    
   2.222222    
   2.245370    
   2.268518    
   2.291667    
   2.314815    
   2.337963    
   2.361111    
   2.384259    
   2.407408    
   2.430556    
   2.453704    
   2.476852    
   2.500000    
   2.523148    
   2.546296    
   2.569444    
   2.592592    
   2.615741    
   2.638889    
   2.662037    
   2.685185    
   2.708333    
   2.731482    
   2.754630    
   2.777778    
   2.800926    
   2.824074    
   2.847222    
   2.870370    
   2.893518    
   2.916667    
   2.939815    
   2.962963    
   2.986111    
   3.009259    
   3.032408    
   3.055556    
   3.078704    
   3.101852    
   3.125000    
   3.148148    
   3.171296    
   3.194444    
   3.217592    
   3.240741    
   3.263889    
   3.287037    
   3.310185    
   3.333333    
   3.356482    
   3.379630    
   3.402778    
   3.425926    
   3.449074    
   3.472222    
   3.495370    
   3.518518    
   3.541667    
   3.564815    
   3.587963    
   3.611111    
   3.634259    
   3.657408    
   3.680556    
   3.703704    
   3.726852    
   3.750000    
   3.773148    
   3.796296    
   3.819444    
   3.842592    
   3.865741    
   3.888889    
   3.912037    
   3.935185    
   3.958333    
   3.981482    
   4.004630    
   4.027778    
   4.050926    
   4.074074    
   4.097222    
   4.120370    
   4.143518    
   4.166667    
   4.189815    
   4.212963    
   4.236111    
   4.259259    
   4.282407    
   4.305555    
   4.328704    
   4.351852    
   4.375000    
   4.398148    
   4.421296    
   4.444445    
   4.467593    
   4.490741    
   4.513889    
   4.537037    
   4.560185    
   4.583333    
   4.606482    
   4.629630    
   4.652778    
   4.675926    
   4.699074    
   4.722222    
   4.745370    
   4.768518    
   4.791667    
   4.814815    
   4.837963    
   4.861111    
   4.884259    
   4.907407    
   4.930555    
   4.953704    
   4.976852    
   5.000000    
   5.023148    
   5.046296    
   5.069445    
   5.092593    
   5.115741    
   5.138889    
   5.162037    
   5.185185    
   5.208333    
   5.231482    
   5.254630    
   5.277778    
   5.300926    
   5.324074    
   5.347222    
   5.370370    
   5.393518    
   5.416667    
   5.439815    
   5.462963    
   5.486111    
   5.509259    
   5.532407    
   5.555555    
   5.578704    
   5.601852    
   5.625000    
   5.648148    
   5.671296    
   5.694445    
   5.717593    
   5.740741    
   5.763889    
   5.787037    
   5.810185    
   5.833333    
   5.856482    
   5.879630    
   5.902778    
   5.925926    
   5.949074    
   5.972222    
   5.995370    
   6.018518    
   6.041667    
   6.064815    
   6.087963    
   6.111111    
   6.134259    
   6.157407    
   6.180555    
   6.203704    
   6.226852    
   6.250000    
   6.273148    
   6.296296    
   6.319445    
   6.342593    
   6.365741    
   6.388889    
   6.412037    
   6.435185    
   6.458333    
   6.481482    
   6.504630    
   6.527778    
   6.550926    
   6.574074    
   6.597222    
   6.620370    
   6.643518    
   6.666667    
   6.689815    
   6.712963    
   6.736111    
   6.759259    
   6.782407    
   6.805555    
   6.828704    
   6.851852    
   6.875000    
   6.898148    
   6.921296    
   6.944445    
   6.967593    
   6.990741    
   7.013889    
   7.037037    
   7.060185    
   7.083333    
   7.106482    
   7.129630    
   7.152778    
   7.175926    
   7.199074    
   7.222222    
   7.245370    
   7.268518    
   7.291667    
   7.314815    
   7.337963    
   7.361111    
   7.384259    
   7.407407    
   7.430555    
   7.453704    
   7.476852    
   7.500000    
   7.523148    
   7.546296    
   7.569445    
   7.592593    
   7.615741    
   7.638889    
   7.662037    
   7.685185    
   7.708333    
   7.731482    
   7.754630    
   7.777778    
   7.800926    
   7.824074    
   7.847222    
   7.870370    
   7.893518    
   7.916667    
   7.939815    
   7.962963    
   7.986111    
   8.009259    
   8.032408    
   8.055555    
   8.078704    
   8.101851    
   8.125000    
   8.148149    
   8.171296    
   8.194445    
   8.217592    
   8.240741    
   8.263889    
   8.287037    
   8.310185    
   8.333333    
   8.356482    
   8.379630    
   8.402778    
   8.425926    
   8.449074    
   8.472222    
   8.495370    
   8.518518    
   8.541667    
   8.564815    
   8.587963    
   8.611111    
   8.634259    
   8.657408    
   8.680555    
   8.703704    
   8.726851    
   8.750000    
   8.773149    
   8.796296    
   8.819445    
   8.842592    
   8.865741    
   8.888889    
   8.912037    
   8.935185    
   8.958333    
   8.981482    
   9.004630    
   9.027778    
   9.050926    
   9.074074    
   9.097222    
   9.120370    
   9.143518    
   9.166667    
   9.189815    
   9.212963    
   9.236111    
   9.259259    
   9.282408    
   9.305555    
   9.328704    
   9.351851    
   9.375000    
   9.398149    
   9.421296    
   9.444445    
   9.467592    
   9.490741    
   9.513889    
   9.537037    
   9.560185    
   9.583333    
   9.606482    
   9.629630    
   9.652778    
   9.675926    
   9.699074    
   9.722222    
   9.745370    
   9.768518    
   9.791667    
   9.814815    
   9.837963    
   9.861111    
   9.884259    
   9.907408    
   9.930555    
   9.953704    
   9.976851    
   10.00000    
   10.02315    
   10.04630    
   10.06944    
   10.09259    
   10.11574    
   10.13889    
   10.16204    
   10.18519    
   10.20833    
   10.23148    
   10.25463    
   10.27778    
   10.30093    
   10.32407    
   10.34722    
   10.37037    
   10.39352    
   10.41667    
   10.43981    
   10.46296    
   10.48611    
   10.50926    
   10.53241    
   10.55556    
   10.57870    
   10.60185    
   10.62500    
   10.64815    
   10.67130    
   10.69444    
   10.71759    
   10.74074    
   10.76389    
   10.78704    
   10.81019    
   10.83333    
   10.85648    
   10.87963    
   10.90278    
   10.92593    
   10.94907    
   10.97222    
   10.99537    
   11.01852    
   11.04167    
   11.06481    
   11.08796    
   11.11111    
   11.13426    
   11.15741    
   11.18056    
   11.20370    
   11.22685    
   11.25000    
   11.27315    
   11.29630    
   11.31944    
   11.34259    
   11.36574    
   11.38889    
   11.41204    
   11.43519    
   11.45833    
   11.48148    
   11.50463    
   11.52778    
   11.55093    
   11.57407    
   11.59722    
   11.62037    
   11.64352    
   11.66667    
   11.68981    
   11.71296    
   11.73611    
   11.75926    
   11.78241    
   11.80556    
   11.82870    
   11.85185    
   11.87500    
   11.89815    
   11.92130    
   11.94444    
   11.96759    
   11.99074    
   12.01389    
   12.03704    
   12.06019    
   12.08333    
   12.10648    
   12.12963    
   12.15278    
   12.17593    
   12.19907    
   12.22222    
   12.24537    
   12.26852    
   12.29167    
   12.31481    
   12.33796    
   12.36111    
   12.38426    
   12.40741    
   12.43056    
   12.45370    
   12.47685    
   12.50000    
   12.52315    
   12.54630    
   12.56944    
   12.59259    
   12.61574    
   12.63889    
   12.66204    
   12.68519    
   12.70833    
   12.73148    
   12.75463    
   12.77778    
   12.80093    
   12.82407    
   12.84722    
   12.87037    
   12.89352    
   12.91667    
   12.93981    
   12.96296    
   12.98611    
   13.00926    
   13.03241    
   13.05556    
   13.07870    
   13.10185    
   13.12500    
   13.14815    
   13.17130    
   13.19444    
   13.21759    
   13.24074    
   13.26389    
   13.28704    
   13.31019    
   13.33333    
   13.35648    
   13.37963    
   13.40278    
   13.42593    
   13.44907    
   13.47222    
   13.49537    
   13.51852    
   13.54167    
   13.56481    
   13.58796    
   13.61111    
   13.63426    
   13.65741    
   13.68056    
   13.70370    
   13.72685    
   13.75000    
   13.77315    
   13.79630    
   13.81944    
   13.84259    
   13.86574    
   13.88889    
   13.91204    
   13.93519    
   13.95833    
   13.98148    
   14.00463    
   14.02778    
   14.05093    
   14.07407    
   14.09722    
   14.12037    
   14.14352    
   14.16667    
   14.18981    
   14.21296    
   14.23611    
   14.25926    
   14.28241    
   14.30556    
   14.32870    
   14.35185    
   14.37500    
   14.39815    
   14.42130    
   14.44444    
   14.46759    
   14.49074    
   14.51389    
   14.53704    
   14.56019    
   14.58333    
   14.60648    
   14.62963    
   14.65278    
   14.67593    
   14.69907    
   14.72222    
   14.74537    
   14.76852    
   14.79167    
   14.81481    
   14.83796    
   14.86111    
   14.88426    
   14.90741    
   14.93056    
   14.95370    
   14.97685    
   15.00000    
   15.02315    
   15.04630    
   15.06944    
   15.09259    
   15.11574    
   15.13889    
   15.16204    
   15.18519    
   15.20833    
   15.23148    
   15.25463    
   15.27778    
   15.30093    
   15.32407    
   15.34722    
   15.37037    
   15.39352    
   15.41667    
   15.43981    
   15.46296    
   15.48611    
   15.50926    
   15.53241    
   15.55556    
   15.57870    
   15.60185    
   15.62500    
   15.64815    
   15.67130    
   15.69444    
   15.71759    
   15.74074    
   15.76389    
   15.78704    
   15.81019    
   15.83333    
   15.85648    
   15.87963    
   15.90278    
   15.92593    
   15.94907    
   15.97222    
   15.99537    
   16.01852    
   16.04167    
   16.06482    
   16.08796    
   16.11111    
   16.13426    
   16.15741    
   16.18056    
   16.20370    
   16.22685    
   16.25000    
   16.27315    
   16.29630    
   16.31944    
   16.34259    
   16.36574    
   16.38889    
   16.41204    
   16.43518    
   16.45833    
   16.48148    
   16.50463    
   16.52778    
   16.55093    
   16.57407    
   16.59722    
   16.62037    
   16.64352    
   16.66667    
   16.68982    
   16.71296    
   16.73611    
   16.75926    
   16.78241    
   16.80556    
   16.82870    
   16.85185    
   16.87500    
   16.89815    
   16.92130    
   16.94444    
   16.96759    
   16.99074    
   17.01389    
   17.03704    
   17.06018    
   17.08333    
   17.10648    
   17.12963    
   17.15278    
   17.17593    
   17.19907    
   17.22222    
   17.24537    
   17.26852    
   17.29167    
   17.31482    
   17.33796    
   17.36111    
   17.38426    
   17.40741    
   17.43056    
   17.45370    
   17.47685    
   17.50000    
   17.52315    
   17.54630    
   17.56944    
   17.59259    
   17.61574    
   17.63889    
   17.66204    
   17.68518    
   17.70833    
   17.73148    
   17.75463    
   17.77778    
   17.80093    
   17.82407    
   17.84722    
   17.87037    
   17.89352    
   17.91667    
   17.93982    
   17.96296    
   17.98611    
   18.00926    
   18.03241    
   18.05556    
   18.07870    
   18.10185    
   18.12500    
   18.14815    
   18.17130    
   18.19444    
   18.21759    
   18.24074    
   18.26389    
   18.28704    
   18.31018    
   18.33333    
   18.35648    
   18.37963    
   18.40278    
   18.42593    
   18.44907    
   18.47222    
   18.49537    
   18.51852    
   18.54167    
   18.56482    
   18.58796    
   18.61111    
   18.63426    
   18.65741    
   18.68056    
   18.70370    
   18.72685    
   18.75000    
   18.77315    
   18.79630    
   18.81944    
   18.84259    
   18.86574    
   18.88889    
   18.91204    
   18.93518    
   18.95833    
   18.98148    
   19.00463    
   19.02778    
   19.05093    
   19.07407    
   19.09722    
   19.12037    
   19.14352    
   19.16667    
   19.18982    
   19.21296    
   19.23611    
   19.25926    
   19.28241    
   19.30556    
   19.32870    
   19.35185    
   19.37500    
   19.39815    
   19.42130    
   19.44444    
   19.46759    
   19.49074    
   19.51389    
   19.53704    
   19.56018    
   19.58333    
   19.60648    
   19.62963    
   19.65278    
   19.67593    
   19.69907    
   19.72222    
   19.74537    
   19.76852    
   19.79167    
   19.81482    
   19.83796    
   19.86111    
   19.88426    
   19.90741    
   19.93056    
   19.95370    
   19.97685    
   20.00000    
   20.02315    
   20.04630    
   20.06944    
   20.09259    
   20.11574    
   20.13889    
   20.16204    
   20.18518    
   20.20833    
   20.23148    
   20.25463    
   20.27778    
   20.30093    
   20.32407    
   20.34722    
   20.37037    
   20.39352    
   20.41667    
   20.43982    
   20.46296    
   20.48611    
   20.50926    
   20.53241    
   20.55556    
   20.57870    
   20.60185    
   20.62500    
   20.64815    
   20.67130    
   20.69444    
   20.71759    
   20.74074    
   20.76389    
   20.78704    
   20.81018    
   20.83333    
   20.85648    
   20.87963    
   20.90278    
   20.92593    
   20.94907    
   20.97222    
   20.99537    
   21.01852    
   21.04167    
   21.06482    
   21.08796    
   21.11111    
   21.13426    
   21.15741    
   21.18056    
   21.20370    
   21.22685    
   21.25000    
   21.27315    
   21.29630    
   21.31944    
   21.34259    
   21.36574    
   21.38889    
   21.41204    
   21.43518    
   21.45833    
   21.48148    
   21.50463    
   21.52778    
   21.55093    
   21.57407    
   21.59722    
   21.62037    
   21.64352    
   21.66667    
   21.68982    
   21.71296    
   21.73611    
   21.75926    
   21.78241    
   21.80556    
   21.82870    
   21.85185    
   21.87500    
   21.89815    
   21.92130    
   21.94444    
   21.96759    
   21.99074    
   22.01389    
   22.03704    
   22.06018    
   22.08333    
   22.10648    
   22.12963    
   22.15278    
   22.17593    
   22.19907    
   22.22222    
   22.24537    
   22.26852    
   22.29167    
   22.31482    
   22.33796    
   22.36111    
   22.38426    
   22.40741    
   22.43056    
   22.45370    
   22.47685    
   22.50000    
   22.52315    
   22.54630    
   22.56944    
   22.59259    
   22.61574    
   22.63889    
   22.66204    
   22.68518    
   22.70833    
   22.73148    
   22.75463    
   22.77778    
   22.80093    
   22.82407    
   22.84722    
   22.87037    
   22.89352    
   22.91667    
   22.93982    
   22.96296    
   22.98611    
   23.00926    
   23.03241    
   23.05556    
   23.07870    
   23.10185    
   23.12500    
   23.14815    
   23.17130    
   23.19444    
   23.21759    
   23.24074    
   23.26389    
   23.28704    
   23.31018    
   23.33333    
   23.35648    
   23.37963    
   23.40278    
   23.42593    
   23.44907    
   23.47222    
   23.49537    
   23.51852    
   23.54167    
   23.56482    
   23.58796    
   23.61111    
   23.63426    
   23.65741    
   23.68056    
   23.70370    
   23.72685    
   23.75000    
   23.77315    
   23.79630    
   23.81944    
   23.84259    
   23.86574    
   23.88889    
   23.91204    
   23.93518    
   23.95833    
   23.98148    
   24.00463    
   24.02778    
   24.05093    
   24.07407    
   24.09722    
   24.12037    
   24.14352    
   24.16667    
   24.18982    
   24.21296    
   24.23611    
   24.25926    
   24.28241    
   24.30556    
   24.32870    
   24.35185    
   24.37500    
   24.39815    
   24.42130    
   24.44444    
   24.46759    
   24.49074    
   24.51389    
   24.53704    
   24.56018    
   24.58333    
   24.60648    
   24.62963    
   24.65278    
   24.67593    
   24.69907    
   24.72222    
   24.74537    
   24.76852    
   24.79167    
   24.81482    
   24.83796    
   24.86111    
   24.88426    
   24.90741    
   24.93056    
   24.95370    
   24.97685    
   25.00000    
   25.02315    
   25.04630    
   25.06944    
   25.09259    
   25.11574    
   25.13889    
   25.16204    
   25.18518    
   25.20833    
   25.23148    
   25.25463    
   25.27778    
   25.30093    
   25.32407    
   25.34722    
   25.37037    
   25.39352    
   25.41667    
   25.43982    
   25.46296    
   25.48611    
   25.50926    
   25.53241    
   25.55556    
   25.57870    
   25.60185    
   25.62500    
   25.64815    
   25.67130    
   25.69444    
   25.71759    
   25.74074    
   25.76389    
   25.78704    
   25.81018    
   25.83333    
   25.85648    
   25.87963    
   25.90278    
   25.92593    
   25.94907    
   25.97222    
   25.99537    
   26.01852    
   26.04167    
   26.06482    
   26.08796    
   26.11111    
   26.13426    
   26.15741    
   26.18056    
   26.20370    
   26.22685    
   26.25000    
   26.27315    
   26.29630    
   26.31944    
   26.34259    
   26.36574    
   26.38889    
   26.41204    
   26.43518    
   26.45833    
   26.48148    
   26.50463    
   26.52778    
   26.55093    
   26.57407    
   26.59722    
   26.62037    
   26.64352    
   26.66667    
   26.68982    
   26.71296    
   26.73611    
   26.75926    
   26.78241    
   26.80556    
   26.82870    
   26.85185    
   26.87500    
   26.89815    
   26.92130    
   26.94444    
   26.96759    
   26.99074    
   27.01389    
   27.03704    
   27.06018    
   27.08333    
   27.10648    
   27.12963    
   27.15278    
   27.17593    
   27.19907    
   27.22222    
   27.24537    
   27.26852    
   27.29167    
   27.31482    
   27.33796    
   27.36111    
   27.38426    
   27.40741    
   27.43056    
   27.45370    
   27.47685    
   27.50000    
   27.52315    
   27.54630    
   27.56944    
   27.59259    
   27.61574    
   27.63889    
   27.66204    
   27.68518    
   27.70833    
   27.73148    
   27.75463    
   27.77778    
   27.80093    
   27.82407    
   27.84722    
   27.87037    
   27.89352    
   27.91667    
   27.93982    
   27.96296    
   27.98611    
   28.00926    
   28.03241    
   28.05556    
   28.07870    
   28.10185    
   28.12500    
   28.14815    
   28.17130    
   28.19444    
   28.21759    
   28.24074    
   28.26389    
   28.28704    
   28.31018    
   28.33333    
   28.35648    
   28.37963    
   28.40278    
   28.42593    
   28.44907    
   28.47222    
   28.49537    
   28.51852    
   28.54167    
   28.56482    
   28.58796    
   28.61111    
   28.63426    
   28.65741    
   28.68056    
   28.70370    
   28.72685    
   28.75000    
   28.77315    
   28.79630    
   28.81944    
   28.84259    
   28.86574    
   28.88889    
   28.91204    
   28.93518    
   28.95833    
   28.98148    
   29.00463    
   29.02778    
   29.05093    
   29.07407    
   29.09722    
   29.12037    
   29.14352    
   29.16667    
   29.18982    
   29.21296    
   29.23611    
   29.25926    
   29.28241    
   29.30556    
   29.32870    
   29.35185    
   29.37500    
   29.39815    
   29.42130    
   29.44444    
   29.46759    
   29.49074    
   29.51389    
   29.53704    
   29.56018    
   29.58333    
   29.60648    
   29.62963    
   29.65278    
   29.67593    
   29.69907    
   29.72222    
   29.74537    
   29.76852    
   29.79167    
   29.81482    
   29.83796    
   29.86111    
   29.88426    
   29.90741    
   29.93056    
   29.95370    
   29.97685    
   30.00000    
   30.02315    
   30.04630    
   30.06944    
   30.09259    
   30.11574    
   30.13889    
   30.16204    
   30.18518    
   30.20833    
   30.23148    
   30.25463    
   30.27778    
   30.30093    
   30.32407    
   30.34722    
   30.37037    
   30.39352    
   30.41667    
   30.43982    
   30.46296    
   30.48611    
   30.50926    
   30.53241    
   30.55556    
   30.57870    
   30.60185    
   30.62500    
   30.64815    
   30.67130    
   30.69444    
   30.71759    
   30.74074    
   30.76389    
   30.78704    
   30.81018    
   30.83333    
   30.85648    
   30.87963    
   30.90278    
   30.92593    
   30.94907    
   30.97222    
   30.99537    
   31.01852    
   31.04167    
   31.06482    
   31.08796    
   31.11111    
   31.13426    
   31.15741    
   31.18056    
   31.20370    
   31.22685    
   31.25000    
   31.27315    
   31.29630    
   31.31944    
   31.34259    
   31.36574    
   31.38889    
   31.41204    
   31.43518    
   31.45833    
   31.48148    
   31.50463    
   31.52778    
   31.55093    
   31.57407    
   31.59722    
   31.62037    
   31.64352    
   31.66667    
   31.68982    
   31.71296    
   31.73611    
   31.75926    
   31.78241    
   31.80556    
   31.82870    
   31.85185    
   31.87500    
   31.89815    
   31.92130    
   31.94444    
   31.96759    
   31.99074    
   32.01389    
   32.03704    
   32.06018    
   32.08333    
   32.10648    
   32.12963    
   32.15278    
   32.17593    
   32.19907    
   32.22222    
   32.24537    
   32.26852    
   32.29167    
   32.31482    
   32.33796    
   32.36111    
   32.38426    
   32.40741    
   32.43056    
   32.45370    
   32.47685    
   32.50000    
   32.52315    
   32.54630    
   32.56944    
   32.59259    
   32.61574    
   32.63889    
   32.66204    
   32.68518    
   32.70833    
   32.73148    
   32.75463    
   32.77778    
   32.80093    
   32.82407    
   32.84722    
   32.87037    
   32.89352    
   32.91667    
   32.93982    
   32.96296    
   32.98611    
   33.00926    
   33.03241    
   33.05556    
   33.07870    
   33.10185    
   33.12500    
   33.14815    
   33.17130    
   33.19444    
   33.21759    
   33.24074    
   33.26389    
   33.28704    
   33.31018    
   33.33333    
   33.35648    
   33.37963    
   33.40278    
   33.42593    
   33.44907    
   33.47222    
   33.49537    
   33.51852    
   33.54167    
   33.56482    
   33.58796    
   33.61111    
   33.63426    
   33.65741    
   33.68056    
   33.70370    
   33.72685    
   33.75000    
   33.77315    
   33.79630    
   33.81944    
   33.84259    
   33.86574    
   33.88889    
   33.91204    
   33.93518    
   33.95833    
   33.98148    
   34.00463    
   34.02778    
   34.05093    
   34.07407    
   34.09722    
   34.12037    
   34.14352    
   34.16667    
   34.18982    
   34.21296    
   34.23611    
   34.25926    
   34.28241    
   34.30556    
   34.32870    
   34.35185    
   34.37500    
   34.39815    
   34.42130    
   34.44444    
   34.46759    
   34.49074    
   34.51389    
   34.53704    
   34.56018    
   34.58333    
   34.60648    
   34.62963    
   34.65278    
   34.67593    
   34.69907    
   34.72222    
   34.74537    
   34.76852    
   34.79167    
   34.81482    
   34.83796    
   34.86111    
   34.88426    
   34.90741    
   34.93056    
   34.95370    
   34.97685    
   35.00000    
   35.02315    
   35.04630    
   35.06944    
   35.09259    
   35.11574    
   35.13889    
   35.16204    
   35.18518    
   35.20833    
   35.23148    
   35.25463    
   35.27778    
   35.30093    
   35.32407    
   35.34722    
   35.37037    
   35.39352    
   35.41667    
   35.43982    
   35.46296    
   35.48611    
   35.50926    
   35.53241    
   35.55556    
   35.57870    
   35.60185    
   35.62500    
   35.64815    
   35.67130    
   35.69444    
   35.71759    
   35.74074    
   35.76389    
   35.78704    
   35.81018    
   35.83333    
   35.85648    
   35.87963    
   35.90278    
   35.92593    
   35.94907    
   35.97222    
   35.99537    
   36.01852    
   36.04167    
   36.06482    
   36.08796    
   36.11111    
   36.13426    
   36.15741    
   36.18056    
   36.20370    
   36.22685    
   36.25000    
   36.27315    
   36.29630    
   36.31944    
   36.34259    
   36.36574    
   36.38889    
   36.41204    
   36.43518    
   36.45833    
   36.48148    
   36.50463    
   36.52778    
   36.55093    
   36.57407    
   36.59722    
   36.62037    
   36.64352    
   36.66667    
   36.68982    
   36.71296    
   36.73611    
   36.75926    
   36.78241    
   36.80556    
   36.82870    
   36.85185    
   36.87500    
   36.89815    
   36.92130    
   36.94444    
   36.96759    
   36.99074    
   37.01389    
   37.03704    
   37.06018    
   37.08333    
   37.10648    
   37.12963    
   37.15278    
   37.17593    
   37.19907    
   37.22222    
   37.24537    
   37.26852    
   37.29167    
   37.31482    
   37.33796    
   37.36111    
   37.38426    
   37.40741    
   37.43056    
   37.45370    
   37.47685    
   37.50000    
   37.52315    
   37.54630    
   37.56944    
   37.59259    
   37.61574    
   37.63889    
   37.66204    
   37.68518    
   37.70833    
   37.73148    
   37.75463    
   37.77778    
   37.80093    
   37.82407    
   37.84722    
   37.87037    
   37.89352    
   37.91667    
   37.93982    
   37.96296    
   37.98611    
   38.00926    
   38.03241    
   38.05556    
   38.07870    
   38.10185    
   38.12500    
   38.14815    
   38.17130    
   38.19444    
   38.21759    
   38.24074    
   38.26389    
   38.28704    
   38.31018    
   38.33333    
   38.35648    
   38.37963    
   38.40278    
   38.42593    
   38.44907    
   38.47222    
   38.49537    
   38.51852    
   38.54167    
   38.56482    
   38.58796    
   38.61111    
   38.63426    
   38.65741    
   38.68056    
   38.70370    
   38.72685    
   38.75000    
   38.77315    
   38.79630    
   38.81944    
   38.84259    
   38.86574    
   38.88889    
   38.91204    
   38.93518    
   38.95833    
   38.98148    
   39.00463    
   39.02778    
   39.05093    
   39.07407    
   39.09722    
   39.12037    
   39.14352    
   39.16667    
   39.18982    
   39.21296    
   39.23611    
   39.25926    
   39.28241    
   39.30556    
   39.32870    
   39.35185    
   39.37500    
   39.39815    
   39.42130    
   39.44444    
   39.46759    
   39.49074    
   39.51389    
   39.53704    
   39.56018    
   39.58333    
   39.60648    
   39.62963    
   39.65278    
   39.67593    
   39.69907    
   39.72222    
   39.74537    
   39.76852    
   39.79167    
   39.81482    
   39.83796    
   39.86111    
   39.88426    
   39.90741    
   39.93056    
   39.95370    
   39.97685    
   40.00000    
   40.02315    
   40.04630    
   40.06944    
   40.09259    
   40.11574    
   40.13889    
   40.16204    
   40.18518    
   40.20833    
   40.23148    
   40.25463    
   40.27778    
   40.30093    
   40.32407    
   40.34722    
   40.37037    
   40.39352    
   40.41667    
   40.43982    
   40.46296    
   40.48611    
   40.50926    
   40.53241    
   40.55556    
   40.57870    
   40.60185    
   40.62500    
   40.64815    
   40.67130    
   40.69444    
   40.71759    
   40.74074    
   40.76389    
   40.78704    
   40.81018    
   40.83333    
   40.85648    
   40.87963    
   40.90278    
   40.92593    
   40.94907    
   40.97222    
   40.99537    
   41.01852    
   41.04167    
   41.06482    
   41.08796    
   41.11111    
   41.13426    
   41.15741    
   41.18056    
   41.20370    
   41.22685    
   41.25000    
   41.27315    
   41.29630    
   41.31944    
   41.34259    
   41.36574    
   41.38889    
   41.41204    
   41.43518    
   41.45833    
   41.48148    
   41.50463    
   41.52778    
   41.55093    
   41.57407    
   41.59722    
   41.62037    
   41.64352    
   41.66667    
   41.68982    
   41.71296    
   41.73611    
   41.75926    
   41.78241    
   41.80556    
   41.82870    
   41.85185    
   41.87500    
   41.89815    
   41.92130    
   41.94444    
   41.96759    
   41.99074    
   42.01389    
   42.03704    
Ctrl-C caught... cleaning up processes
